Pesi layer1
tensor([[ 6.5800e-03,  9.5990e-02,  2.1960e-01,  2.6862e-01, -2.1597e-01,
          6.9364e-02,  2.9869e-01, -1.1119e-01,  1.8794e-01,  6.6632e-02],
        [-2.3496e-02,  1.0906e-01,  1.5289e-02,  1.8057e-01,  2.1760e-01,
         -3.6511e-02, -1.5756e-01, -2.1232e-01,  3.1348e-01,  8.7468e-02],
        [ 1.8825e-01,  2.8950e-01, -2.3972e-01, -5.8659e-02, -2.1008e-03,
         -2.2530e-01, -1.7852e-02,  1.4064e-01,  2.5598e-01, -2.8684e-01],
        [ 1.3389e-01,  1.6797e-01,  2.3887e-01,  1.3814e-01, -1.5486e-01,
          2.7848e-01, -1.9574e-01, -2.2406e-01,  1.9554e-01,  2.8515e-01],
        [ 2.5300e-01, -1.7571e-01, -1.4406e-01, -1.7351e-01, -2.7857e-01,
         -1.7414e-01, -2.3551e-01,  2.1245e-01, -1.4524e-01,  1.7487e-01],
        [ 2.2788e-01,  2.2110e-01, -1.7872e-01, -1.0646e-01, -6.5092e-02,
          9.2297e-02,  1.2780e-01, -9.1422e-03, -2.4392e-03, -1.1940e-01],
        [-1.3508e-01,  1.6014e-01, -1.8983e-01, -3.1341e-01, -4.0903e-02,
          1.8365e-01, -9.0067e-02,  1.5017e-01, -2.0883e-01,  2.0001e-01],
        [ 1.1507e-01, -2.7278e-01,  1.2328e-01,  1.7231e-02, -2.4762e-01,
         -4.4333e-02, -2.4042e-01, -1.6858e-01,  2.4629e-01, -6.6991e-02],
        [ 2.1359e-01, -3.0384e-01,  1.0367e-01,  1.8306e-01, -1.7127e-01,
          3.1388e-01, -3.0418e-01,  1.6903e-01, -4.8534e-02, -8.3760e-02],
        [-1.0258e-01, -6.5008e-02,  7.1807e-02,  2.9387e-01,  2.5790e-01,
         -3.1527e-01, -2.2068e-03,  2.2460e-01, -2.9649e-01, -1.4232e-01],
        [-2.1738e-01, -1.6519e-01,  6.4385e-02,  2.4472e-01, -1.3031e-01,
         -6.9915e-02, -1.3526e-01, -2.9958e-01,  2.7785e-01, -8.6137e-02],
        [ 1.8881e-02,  2.4898e-01, -1.9436e-01, -1.0757e-02, -9.3496e-02,
          2.4216e-01,  1.3173e-01, -1.2965e-02, -2.8632e-01,  1.0256e-01],
        [ 1.5033e-01, -1.4225e-01,  1.8789e-01, -2.6944e-01,  2.4804e-01,
          2.2064e-01,  1.0996e-01,  1.8099e-02,  4.9379e-02,  1.6474e-01],
        [ 2.2651e-01, -2.5682e-01, -1.5181e-01, -2.4361e-01, -6.4049e-02,
          5.6455e-02,  2.4806e-01,  9.8616e-02,  1.6414e-01, -1.0288e-01],
        [-1.1333e-01, -2.0321e-01, -3.0602e-01, -3.1372e-01, -2.6823e-01,
         -9.3557e-02, -6.6335e-02,  5.4429e-02, -2.9211e-02,  2.3552e-02],
        [ 5.2916e-02,  8.8545e-02, -2.0161e-01, -2.2957e-01, -3.0403e-01,
          1.1348e-01,  1.9951e-01, -2.2615e-01,  3.5599e-02,  1.6157e-01],
        [ 1.3622e-01,  1.4100e-01, -1.0925e-01, -2.3470e-01,  1.1606e-01,
          2.0411e-01, -8.6211e-02, -4.5326e-02,  2.1406e-01, -2.9206e-01],
        [-1.1480e-01,  1.3403e-01,  1.4621e-01,  3.0253e-02, -1.1201e-01,
         -2.6519e-02, -2.4680e-01,  4.3225e-02, -1.1926e-01,  6.9008e-02],
        [ 1.7928e-01, -2.2848e-02,  2.3613e-02, -2.7953e-04, -2.5494e-01,
         -1.7559e-01, -6.3702e-02, -1.6047e-01,  2.9543e-01,  1.9611e-01],
        [-2.8702e-01,  2.0396e-01,  2.6437e-01, -2.9629e-01, -2.6848e-01,
          2.5811e-01,  1.2070e-01, -2.8890e-01, -2.0606e-01,  1.5742e-01],
        [ 2.8515e-01,  4.5213e-02, -2.8026e-01, -8.7220e-02, -2.7627e-01,
         -1.1062e-01,  1.2838e-01, -1.2889e-01, -8.3790e-02, -1.4805e-01],
        [-2.6398e-01,  2.1776e-01,  3.1023e-01,  2.8381e-01, -5.4679e-02,
          6.8533e-02,  1.8162e-01,  1.6077e-01, -5.0415e-02, -1.0379e-01],
        [ 6.4405e-02, -1.1669e-01,  1.0454e-01,  7.5684e-02, -2.9039e-01,
         -8.8763e-02, -8.4931e-02,  1.2763e-01, -2.3709e-01,  2.5759e-01],
        [-1.9056e-01, -5.0942e-02,  2.3261e-01, -2.7446e-01, -2.6437e-01,
         -3.1597e-01,  2.3476e-01,  3.0753e-01,  1.3082e-01, -2.1374e-01],
        [ 2.6292e-01, -1.6339e-01,  2.9326e-01, -1.2123e-01,  9.6156e-02,
         -9.1996e-02,  5.0339e-02,  6.4435e-02, -2.2006e-01,  4.1564e-02],
        [ 2.1085e-01, -2.5017e-01, -1.6810e-01, -7.9089e-02, -2.5504e-01,
          1.3919e-01,  2.2080e-01, -1.8643e-01, -2.1179e-01,  2.0347e-01],
        [-2.1719e-01, -1.9406e-01, -1.9995e-02,  2.7528e-01, -1.2621e-01,
          4.4326e-02, -2.6997e-01, -1.8466e-03,  5.6121e-02, -3.8974e-02],
        [ 2.4272e-01, -5.1107e-02, -6.4145e-02, -3.7530e-02, -3.0114e-01,
         -7.7412e-02,  2.3844e-01, -8.3142e-03,  2.6079e-01, -2.6984e-01],
        [ 2.1000e-01,  1.9538e-02, -1.7090e-01, -9.8550e-02, -1.2784e-01,
          1.5098e-01,  3.0085e-01, -7.6254e-02,  1.3452e-01,  3.0263e-01],
        [-1.4995e-01, -2.4026e-01, -2.8937e-02,  2.1452e-01,  1.9117e-01,
          1.9739e-01, -3.7670e-02, -3.1002e-01,  2.9604e-01, -1.2242e-01],
        [-2.6134e-01, -7.3070e-02,  2.0974e-01, -1.2121e-01,  3.1827e-02,
         -2.4724e-02, -2.3606e-02,  9.4631e-02,  3.0853e-01, -2.7517e-01],
        [-3.0498e-01, -1.5356e-02,  2.2566e-01, -3.0747e-01, -2.7769e-01,
          2.7946e-01,  1.3681e-01,  8.5075e-02, -2.9339e-01, -2.3054e-02],
        [-1.1563e-01, -1.6370e-01, -2.3502e-01, -7.3718e-02,  6.9180e-02,
          3.0220e-01, -2.1815e-01, -3.5496e-02,  1.5886e-01,  1.1615e-02],
        [ 1.3309e-01,  8.5700e-02,  2.0793e-01,  2.0365e-01,  1.1570e-01,
         -3.0294e-01,  2.4850e-01,  2.2460e-01,  5.1641e-02,  6.6187e-02],
        [-1.7374e-01, -9.7974e-02, -2.7412e-01,  1.3821e-01,  2.5465e-01,
          3.0916e-01, -2.3479e-01,  2.0643e-01,  2.7555e-01, -4.8857e-02],
        [ 6.2167e-02, -1.8719e-01, -2.6151e-02,  1.8268e-01, -2.2782e-01,
          2.3141e-01, -3.1944e-02, -2.8031e-01, -1.4075e-01, -1.9019e-01],
        [-1.9243e-01,  2.7727e-01,  1.3150e-01,  1.1851e-01, -1.8662e-01,
         -6.6394e-02,  1.3557e-01, -2.5327e-01, -2.6380e-01,  2.0394e-02],
        [ 1.8451e-01, -6.9764e-02, -1.6169e-01,  1.8937e-01,  2.1383e-01,
         -1.1185e-01, -1.3051e-01, -2.9637e-01, -2.5001e-01, -1.6743e-01],
        [ 8.0177e-02,  7.6218e-02, -1.4304e-01,  1.5627e-01,  1.9687e-01,
         -3.2313e-02,  2.3012e-01, -7.5123e-02, -1.5346e-01,  1.6039e-01],
        [ 2.9122e-01, -1.8642e-01, -2.2752e-01, -1.5229e-01, -1.6609e-01,
         -1.2469e-01,  2.2978e-02,  4.1269e-02,  1.1137e-01,  2.9164e-01],
        [ 2.0374e-01, -3.5808e-02,  1.9704e-01,  1.5768e-01,  1.4274e-01,
         -2.4647e-01, -2.4921e-02, -1.1835e-01,  2.8364e-01, -1.4086e-01],
        [ 8.9444e-02, -1.8105e-02, -6.0548e-02, -1.2784e-01,  2.7643e-01,
          2.3475e-01,  1.0208e-01, -8.1372e-02, -6.7754e-02, -1.9812e-01],
        [ 6.0735e-02,  6.5918e-02, -1.6776e-01, -3.0769e-01,  2.8355e-01,
          1.8322e-01, -3.0841e-01, -1.0204e-01,  4.3985e-02, -1.1954e-01],
        [-2.8337e-01,  2.0868e-01, -5.8014e-02,  1.1835e-02,  9.6319e-02,
          1.1630e-01, -2.0587e-01, -2.4756e-01, -2.5984e-02, -4.3919e-02],
        [-3.6888e-02,  9.2940e-02,  1.3523e-01,  2.2043e-01,  4.6805e-04,
         -1.7501e-01,  1.2597e-01, -2.9837e-01, -1.1587e-01, -1.1833e-01],
        [-2.8109e-01,  2.9662e-01, -1.6599e-01,  1.7181e-01, -1.2370e-01,
          3.0813e-01,  4.1508e-02,  1.3064e-02,  1.8259e-01, -1.6823e-02],
        [ 3.0110e-01, -1.9836e-01, -2.7557e-01,  5.0702e-02,  3.0359e-01,
         -2.2148e-02, -1.6305e-01, -4.2830e-02,  2.7602e-01,  2.3322e-01],
        [-1.5934e-01,  1.0264e-01, -2.9340e-01,  1.5854e-01, -3.8238e-02,
         -1.4278e-01, -1.8524e-01,  1.1960e-01, -1.7367e-01, -1.0093e-01],
        [-2.6181e-01,  8.9538e-02, -2.3042e-02, -1.3536e-01, -9.3357e-04,
          8.7719e-02, -2.5553e-01, -9.7669e-02,  1.6512e-01, -8.8368e-02],
        [-1.7478e-01,  2.1556e-01, -3.0441e-01, -1.3235e-01, -6.9308e-02,
          3.0137e-01, -1.2724e-01,  1.1797e-01,  2.8655e-01, -6.1413e-02]],
       device='cuda:0', dtype=torch.float64)
Bias layer1
tensor([-0.1033,  0.1449, -0.1214,  0.1329,  0.0995,  0.1633,  0.1606, -0.0139,
         0.0811, -0.2697,  0.0578,  0.1009,  0.1726,  0.1110, -0.2893, -0.1095,
         0.2903, -0.2160, -0.1711, -0.1270,  0.1647,  0.2708,  0.1099,  0.0334,
         0.1628, -0.1649, -0.1141, -0.2738,  0.1777,  0.1182,  0.0608,  0.0575,
        -0.1820,  0.0839, -0.0531, -0.2267, -0.2717, -0.0731, -0.2132, -0.0290,
        -0.1201, -0.2618,  0.2262,  0.1972,  0.0516,  0.0405,  0.0103, -0.2295,
        -0.2051,  0.0164], device='cuda:0', dtype=torch.float64)
Pesi layer2
tensor([[-0.1283,  0.0441, -0.0782,  ..., -0.0224,  0.0292,  0.0147],
        [-0.0462,  0.0430,  0.0566,  ...,  0.0844,  0.0541, -0.0620],
        [-0.0826, -0.0995, -0.0031,  ...,  0.0359, -0.0095,  0.0613],
        ...,
        [ 0.0547,  0.0281, -0.1237,  ...,  0.1063, -0.0885, -0.0658],
        [-0.1151, -0.0091,  0.0452,  ..., -0.0166, -0.0912,  0.0271],
        [-0.0269, -0.0168,  0.1339,  ..., -0.0927,  0.1120,  0.0057]],
       device='cuda:0', dtype=torch.float64)
Bias layer2
tensor([ 0.0268, -0.0933,  0.1282, -0.0469, -0.1271,  0.0524, -0.1381,  0.0063,
         0.1022,  0.1300, -0.0652,  0.0426, -0.0729, -0.0702,  0.0491,  0.1353,
        -0.0316, -0.0378, -0.0766,  0.0742, -0.0038, -0.1375,  0.0565, -0.0158,
         0.0206, -0.0696,  0.0287,  0.0031,  0.0571,  0.0893, -0.1231, -0.0833,
        -0.0275,  0.0124, -0.0349,  0.1069, -0.0115, -0.0405, -0.0993,  0.0822,
         0.0170,  0.1026,  0.0527,  0.1388, -0.0257,  0.1345, -0.0789,  0.0062,
         0.0223,  0.0258,  0.1160, -0.0148, -0.0690, -0.0359,  0.1263, -0.0199,
        -0.0774, -0.1167, -0.0666,  0.0446,  0.1310, -0.0054,  0.0419,  0.0884,
        -0.0341,  0.0505, -0.1238,  0.1193, -0.0678, -0.0734,  0.0620,  0.0300,
        -0.0265,  0.1297,  0.0893,  0.0602, -0.1367, -0.0637,  0.0437,  0.0603,
        -0.0733, -0.0263,  0.0861,  0.1254, -0.1094,  0.1291, -0.0386, -0.0859,
         0.0648, -0.0430, -0.0837,  0.0179, -0.0809,  0.0129,  0.0146, -0.0690,
        -0.1083,  0.0939, -0.1378,  0.0132], device='cuda:0',
       dtype=torch.float64)
Pesi layer3
tensor([[ 0.0009,  0.0896,  0.0124,  ..., -0.0368, -0.0879, -0.0025],
        [ 0.0205,  0.0294,  0.0720,  ...,  0.0706, -0.0694,  0.0503],
        [-0.0089, -0.0254,  0.0265,  ..., -0.0117,  0.0388, -0.0848],
        ...,
        [ 0.0330,  0.0797,  0.0060,  ...,  0.0659, -0.0502, -0.0117],
        [-0.0047,  0.0839, -0.0357,  ...,  0.0441, -0.0685, -0.0775],
        [-0.0875, -0.0909, -0.0310,  ..., -0.0903,  0.0963, -0.0872]],
       device='cuda:0', dtype=torch.float64)
Bias layer3
tensor([ 0.0727, -0.0738,  0.0736, -0.0741, -0.0552, -0.0815,  0.0187, -0.0471,
        -0.0964, -0.0342, -0.0202,  0.0411,  0.0417, -0.0066, -0.0097,  0.0887,
        -0.0534, -0.0117,  0.0710, -0.0781,  0.0308,  0.0626,  0.0427,  0.0866,
        -0.0609], device='cuda:0', dtype=torch.float64)
Pesi layer4
tensor([[ 0.0197,  0.0073,  0.0044,  0.1189,  0.0309,  0.1879,  0.0836, -0.0654,
         -0.1116, -0.1012, -0.0376,  0.0097, -0.1016, -0.0534, -0.1732, -0.1434,
          0.1210,  0.1603, -0.0213,  0.1813, -0.0574, -0.1190, -0.1666, -0.1390,
         -0.1301],
        [-0.1843, -0.1614, -0.1648,  0.0923, -0.1620,  0.1158,  0.1125,  0.1489,
          0.1057,  0.1427,  0.1567, -0.0493, -0.0803,  0.0011,  0.1419,  0.1539,
         -0.1091, -0.1284, -0.0997,  0.0072,  0.0004,  0.0579,  0.1058, -0.1471,
         -0.1670],
        [-0.1527,  0.1331, -0.1937, -0.0379, -0.1312,  0.0509,  0.0931, -0.1720,
          0.1041,  0.1451,  0.1938, -0.0142, -0.1849,  0.1064,  0.0169, -0.0338,
         -0.0122, -0.1912,  0.1627, -0.1488,  0.1305,  0.0216,  0.0673, -0.1842,
          0.1566]], device='cuda:0', dtype=torch.float64)
Bias layer4
tensor([-0.1557,  0.1890, -0.1860], device='cuda:0', dtype=torch.float64)
