Pesi layer1
tensor([[ 0.2208, -0.7455, -0.7402,  0.5075, -0.1494,  0.4292,  0.2029,  0.2940,
          0.1740, -0.0231, -0.6287,  0.7208, -0.5232,  0.5524, -0.5615, -0.1093,
         -0.1655],
        [ 0.2291, -0.2748,  0.4406, -0.1428, -0.3888,  0.1301,  0.3235,  0.6588,
         -0.1994, -0.1562, -0.4372, -0.7097, -0.7370,  0.4940,  0.3473, -0.7099,
          0.6971],
        [-0.2906,  0.2497, -0.2591, -0.3286,  0.5259, -0.1514,  0.1626,  0.1463,
         -0.4840, -0.0157,  0.6455,  0.1495, -0.3491,  0.1109, -0.5422,  0.1734,
         -0.6146],
        [-0.6663,  0.1288,  0.3801,  0.2460,  0.6169, -0.1161,  0.6342,  0.0642,
          0.5934, -0.4894,  0.6856, -0.4967, -0.6382,  0.3767,  0.2382, -0.3911,
         -0.2753]], device='cuda:0', dtype=torch.float64)
Bias layer1
tensor([0., 0., 0., 0.], device='cuda:0', dtype=torch.float64)
Pesi layer2
tensor([[-0.4745, -0.2850,  1.0211,  0.3466],
        [ 0.8486,  0.0741, -1.3587, -1.1138]], device='cuda:0',
       dtype=torch.float64)
Bias layer1
tensor([0., 0.], device='cuda:0', dtype=torch.float64)
