Pesi layer1
tensor([[-0.4594, -0.1803,  0.6206, -0.4551, -0.0572, -0.0054, -0.6085, -0.0077,
         -0.2345, -0.1015, -0.1630, -0.6627,  0.0763, -0.7709,  0.4023,  0.5194,
          0.2228],
        [-0.0884,  0.6627,  0.1732, -0.0143,  0.1522, -0.3126, -0.3444,  0.7072,
          0.4794,  0.1728, -0.2833, -0.1354,  0.3363, -0.0708,  0.7746, -0.5873,
         -0.4078],
        [-0.0638, -0.3625,  0.1467,  0.5442,  0.7281,  0.1112,  0.6241,  0.4015,
         -0.0088, -0.5927,  0.2441, -0.7478,  0.2728,  0.0115, -0.7346, -0.0573,
         -0.4915]], device='cuda:0', dtype=torch.float64)
Bias layer1
tensor([0., 0., 0.], device='cuda:0', dtype=torch.float64)
Pesi layer2
tensor([[1.2290, 0.6460, 0.5068],
        [1.1804, 1.2846, 0.2072]], device='cuda:0', dtype=torch.float64)
Bias layer1
tensor([0., 0.], device='cuda:0', dtype=torch.float64)
